# Standard 1v1 arena cell map, community-decoded game data.
# 36 columns x 64 rows of 500-unit cells, rows listed top to bottom, x to the right.
# Bits 0-1: road id (lane), 0 none; bit 4: not placeable (corners and king tower footprint);
# bit 5: water; bit 6: blocked (unused on this map).
# Bits above 6 are not used by routing.
16 16 16 16 16 16 16 16 16 16 16 0 0 0 0 0 0 0 0 0 0 0 0 0 0 16 16 16 16 16 16 16 16 16 16 16
16 16 16 16 16 16 16 16 16 16 16 0 0 0 0 0 0 0 0 0 0 0 0 0 0 16 16 16 16 16 16 16 16 16 16 16
0 0 0 0 0 0 0 0 0 0 0 0 0 0 1 1 1 1 2 2 2 2 0 0 0 0 0 0 0 0 0 0 0 0 0 0
0 0 0 0 0 0 0 0 0 0 0 0 0 0 1 17 17 17 18 18 18 2 0 0 0 0 0 0 0 0 0 0 0 0 0 0
0 0 0 0 0 0 0 0 0 0 0 0 0 0 1 17 17 17 18 18 18 2 0 0 0 0 0 0 0 0 0 0 0 0 0 0
0 0 0 0 0 1 1 1 1 1 1 1 1 1 1 17 17 17 18 18 18 2 2 2 2 2 2 2 2 2 2 0 0 0 0 0
0 0 0 0 0 1 1 1 1 1 1 1 1 1 1 17 17 17 18 18 18 2 2 2 2 2 2 2 2 2 2 0 0 0 0 0
0 0 0 0 0 1 1 1 1 1 1 1 1 1 1 17 17 17 18 18 18 2 2 2 2 2 2 2 2 2 2 0 0 0 0 0
0 0 0 0 0 1 1 1 1 1 1 1 1 1 1 17 17 17 18 18 18 2 2 2 2 2 2 2 2 2 2 0 0 0 0 0
0 0 0 0 0 1 1 1 1 1 0 0 0 0 1 1 1 1 2 2 2 2 0 0 0 0 2 2 2 2 2 0 0 0 0 0
0 0 0 0 1 1 1 1 1 1 0 0 0 0 0 0 0 0 0 0 0 0 0 0 0 0 2 2 2 2 2 2 0 0 0 0
0 0 0 0 1 1 1 1 1 1 0 0 0 0 0 0 0 0 0 0 0 0 0 0 0 0 2 2 2 2 2 2 0 0 0 0
0 0 0 0 1 1 1 1 1 1 0 0 0 0 0 0 0 0 0 0 0 0 0 0 0 0 2 2 2 2 2 2 0 0 0 0
0 0 0 0 1 1 1 1 1 1 0 0 0 0 0 0 0 0 0 0 0 0 0 0 0 0 2 2 2 2 2 2 0 0 0 0
0 0 0 0 1 1 1 1 1 1 0 0 0 0 0 0 0 0 0 0 0 0 0 0 0 0 2 2 2 2 2 2 0 0 0 0
0 0 0 0 1 1 1 1 1 1 0 0 0 0 0 0 0 0 0 0 0 0 0 0 0 0 2 2 2 2 2 2 0 0 0 0
0 0 0 0 1 1 1 1 1 1 0 0 0 0 0 0 0 0 0 0 0 0 0 0 0 0 2 2 2 2 2 2 0 0 0 0
0 0 0 0 0 1 1 1 1 0 0 0 0 0 0 0 0 0 0 0 0 0 0 0 0 0 0 2 2 2 2 0 0 0 0 0
0 0 0 0 0 1 1 1 1 0 0 0 0 0 0 0 0 0 0 0 0 0 0 0 0 0 0 2 2 2 2 0 0 0 0 0
0 0 0 0 0 1 1 1 1 0 0 0 0 0 0 0 0 0 0 0 0 0 0 0 0 0 0 2 2 2 2 0 0 0 0 0
0 0 0 0 0 1 1 1 1 0 0 0 0 0 0 0 0 0 0 0 0 0 0 0 0 0 0 2 2 2 2 0 0 0 0 0
0 0 0 0 0 1 1 1 1 0 0 0 0 0 0 0 0 0 0 0 0 0 0 0 0 0 0 2 2 2 2 0 0 0 0 0
0 0 0 0 0 1 1 1 1 0 0 0 0 0 0 0 0 0 0 0 0 0 0 0 0 0 0 2 2 2 2 0 0 0 0 0
0 0 0 0 0 1 1 1 1 0 0 0 0 0 0 0 0 0 0 0 0 0 0 0 0 0 0 2 2 2 2 0 0 0 0 0
0 0 0 0 0 1 1 1 1 0 0 0 0 0 0 0 0 0 0 0 0 0 0 0 0 0 0 2 2 2 2 0 0 0 0 0
0 0 0 0 0 1 1 1 1 0 0 0 0 0 0 0 0 0 0 0 0 0 0 0 0 0 0 2 2 2 2 0 0 0 0 0
0 0 0 0 0 1 1 1 1 0 0 0 0 0 0 0 0 0 0 0 0 0 0 0 0 0 0 2 2 2 2 0 0 0 0 0
0 0 0 0 0 1 1 1 1 0 0 0 0 0 0 0 0 0 0 0 0 0 0 0 0 0 0 2 2 2 2 0 0 0 0 0
16 16 0 0 0 1 1 1 1 0 0 0 0 0 0 0 0 0 0 0 0 0 0 0 0 0 0 2 2 2 2 0 0 0 16 16
16 16 0 0 0 1 1 1 1 0 0 0 0 0 0 0 0 0 0 0 0 0 0 0 0 0 0 2 2 2 2 0 0 0 16 16
32 32 32 32 32 1 1 1 1 32 32 32 32 32 32 32 32 32 32 32 32 32 32 32 32 32 32 2 2 2 2 32 32 32 32 32
32 32 32 32 32 0 1 1 0 32 32 32 32 32 32 32 32 32 32 32 32 32 32 32 32 32 32 0 2 2 0 32 32 32 32 32
32 32 32 32 32 0 1 257 0 32 32 32 32 32 32 32 32 32 32 32 32 32 32 32 32 32 32 0 258 2 0 32 32 32 32 32
32 32 32 32 32 1 1 1 1 32 32 32 32 32 32 32 32 32 32 32 32 32 32 32 32 32 32 2 2 2 2 32 32 32 32 32
16 16 0 0 0 1 1 1 1 0 0 0 0 0 0 0 0 0 0 0 0 0 0 0 0 0 0 2 2 2 2 0 0 0 16 16
16 16 0 0 0 1 1 1 1 0 0 0 0 0 0 0 0 0 0 0 0 0 0 0 0 0 0 2 2 2 2 0 0 0 16 16
0 0 0 0 0 1 1 1 1 0 0 128 0 0 0 0 0 0 0 0 0 0 0 128 0 0 0 2 2 2 2 0 0 0 0 0
0 0 0 0 0 1 1 1 1 0 0 0 0 0 0 0 0 0 0 0 0 0 0 0 0 0 0 2 2 2 2 0 0 0 0 0
0 0 0 0 0 1 1 1 1 0 0 0 0 0 0 0 0 0 0 0 0 0 0 0 0 0 0 2 2 2 2 0 0 0 0 0
0 0 0 0 0 1 1 1 1 0 0 0 0 0 0 0 0 0 0 0 0 0 0 0 0 0 0 2 2 2 2 0 0 0 0 0
0 0 0 0 0 1 1 1 1 0 0 0 0 0 0 0 0 0 0 0 0 0 0 0 0 0 0 2 2 2 2 0 0 0 0 0
0 0 0 0 0 1 1 1 1 0 0 0 0 0 0 0 0 512 512 0 0 0 0 0 0 0 0 2 2 2 2 0 0 0 0 0
0 0 0 0 0 1 1 1 1 0 0 0 0 0 0 0 0 0 0 0 0 0 0 0 0 0 0 2 2 2 2 0 0 0 0 0
0 0 0 128 0 1 1 1 1 0 0 0 0 0 0 0 0 0 0 0 0 0 0 0 0 0 0 2 2 2 2 0 0 128 0 0
0 0 0 0 0 1 1 1 1 0 0 0 0 0 0 0 0 0 0 0 0 0 0 0 0 0 0 2 2 2 2 0 0 0 0 0
0 0 0 0 0 1 1 1 1 0 0 128 0 0 0 0 0 0 0 0 0 0 0 128 0 0 0 2 2 2 2 0 0 0 0 0
0 0 0 0 0 1 1 1 1 0 0 0 0 0 0 0 0 0 0 0 0 0 0 0 0 0 0 2 2 2 2 0 0 0 0 0
0 0 0 0 1 1 1 1 1 1 0 0 0 0 0 0 0 0 0 0 0 0 0 0 0 0 2 2 2 2 2 2 0 0 0 0
0 0 0 0 1 1 1 1 1 1 0 0 0 0 0 0 0 0 0 0 0 0 0 0 0 0 2 2 2 2 2 2 0 0 0 0
0 0 0 0 1 1 1 1 1 1 0 0 0 0 0 0 0 0 0 0 0 0 0 0 0 0 2 2 2 2 2 2 0 0 0 0
0 0 0 0 1 1 1 1 1 1 0 0 0 0 0 0 0 0 0 0 0 0 0 0 0 0 2 2 2 2 2 2 0 0 0 0
0 0 0 0 1 1 1 1 1 1 0 0 0 0 0 0 0 0 0 0 0 0 0 0 0 0 2 2 2 2 2 2 0 0 0 0
0 0 0 0 1 1 1 1 1 1 0 0 0 0 0 0 0 0 0 0 0 0 0 0 0 0 2 2 2 2 2 2 0 0 0 0
0 0 0 0 1 1 1 1 1 1 0 0 0 0 0 0 0 0 0 0 0 0 0 0 0 0 2 2 2 2 2 2 0 0 0 0
0 0 0 0 0 1 1 1 1 1 0 0 0 0 1 1 1 1 2 2 2 2 0 0 0 0 2 2 2 2 2 0 0 0 0 0
0 0 0 0 0 1 1 1 1 1 1 1 1 1 1 17 17 17 18 18 18 2 2 2 2 2 2 2 2 2 2 0 0 0 0 0
0 0 0 0 0 1 1 1 1 1 1 1 1 1 1 17 17 17 18 18 18 2 2 2 2 2 2 2 2 2 2 0 0 0 0 0
0 0 0 0 0 1 1 1 1 1 1 1 1 1 1 17 17 17 18 18 18 2 2 2 2 2 2 2 2 2 2 0 0 0 0 0
0 0 0 0 0 1 1 1 1 1 1 1 1 1 1 17 17 17 18 18 18 2 2 2 2 2 2 2 2 2 2 0 0 0 0 0
0 0 0 0 0 0 0 128 0 0 0 0 0 0 1 17 17 17 18 18 18 2 0 0 0 0 0 0 0 128 0 0 0 0 0 0
0 0 0 0 0 0 0 0 0 0 0 0 0 0 1 17 17 17 18 18 18 2 0 0 0 0 0 0 0 0 0 0 0 0 0 0
0 0 0 0 0 0 0 0 0 0 0 0 0 0 1 1 1 1 2 2 2 2 0 0 0 0 0 0 0 0 0 0 0 0 0 0
16 16 16 16 16 16 16 16 16 16 16 0 0 0 0 0 0 0 0 0 0 0 0 0 0 16 16 16 16 16 16 16 16 16 16 16
16 16 16 16 16 16 16 16 16 16 16 0 0 0 0 0 0 0 0 0 0 0 0 0 0 16 16 16 16 16 16 16 16 16 16 16
